# Code: cgiSensitivity.c v2.1 (sll - 20 Sept 2002 Build)
# from WWW Sensitivity Curve Generator located at:
#   http://www.srl.caltech.edu/~shane/sensitivity/MakeCurve.html
# EQUAL ARM Space Based Observatory Sensitivity Curve
# Polarization and All Sky Averaged
# 
# For this data file:
# SNR = 1.000000 
# Armlength = 5.000000e+07 	meters
# Optics diameter = 3.000000 	meters
# Wavelength = 1064.000000 	nanometers
# Laser power = 100.000000 Watts
# Optical train efficiency = 0.300000 
# Accleration noise = 3.000000e-16 m/(s^2 root Hz)
# Position noise = 2.000000e-11 m/(root Hz)
# Sensitivity Floor Set by Laser Shot Noise
# Output Curve type is Laser Shot Noise
#
#
#
#f [Hz] 	hf [Hz^(-1/2)]
9.765035e-06	8.230539e-15
9.992561e-06	7.859994e-15
1.022538e-05	7.506140e-15
1.046364e-05	7.168208e-15
1.070744e-05	6.845487e-15
1.095693e-05	6.537299e-15
1.121222e-05	6.242988e-15
1.147346e-05	5.961930e-15
1.174080e-05	5.693514e-15
1.201436e-05	5.437190e-15
1.229430e-05	5.192405e-15
1.258075e-05	4.958644e-15
1.287388e-05	4.735402e-15
1.317385e-05	4.522210e-15
1.348080e-05	4.318618e-15
1.379489e-05	4.124195e-15
1.411632e-05	3.938518e-15
1.444523e-05	3.761205e-15
1.478180e-05	3.591876e-15
1.512621e-05	3.430168e-15
1.547865e-05	3.275741e-15
1.583931e-05	3.128264e-15
1.620836e-05	2.987428e-15
1.658602e-05	2.852934e-15
1.697248e-05	2.724491e-15
1.736793e-05	2.601834e-15
1.777260e-05	2.484699e-15
1.818671e-05	2.372836e-15
1.861046e-05	2.266009e-15
1.904408e-05	2.163993e-15
1.948781e-05	2.066569e-15
1.994188e-05	1.973531e-15
2.040652e-05	1.884682e-15
2.088199e-05	1.799832e-15
2.136855e-05	1.718802e-15
2.186644e-05	1.641421e-15
2.237592e-05	1.567524e-15
2.289728e-05	1.496953e-15
2.343079e-05	1.429559e-15
2.397673e-05	1.365200e-15
2.453538e-05	1.303738e-15
2.510706e-05	1.245043e-15
2.569205e-05	1.188990e-15
2.629067e-05	1.135461e-15
2.690325e-05	1.084342e-15
2.753009e-05	1.035525e-15
2.817154e-05	9.889054e-16
2.882794e-05	9.443839e-16
2.949963e-05	9.018673e-16
3.018697e-05	8.612648e-16
3.089033e-05	8.224904e-16
3.161008e-05	7.854613e-16
3.234659e-05	7.500995e-16
3.310026e-05	7.163298e-16
3.387150e-05	6.840801e-16
3.466070e-05	6.532827e-16
3.546830e-05	6.238715e-16
3.629471e-05	5.957846e-16
3.714038e-05	5.689619e-16
3.800575e-05	5.433470e-16
3.889128e-05	5.188853e-16
3.979745e-05	4.955249e-16
4.072473e-05	4.732161e-16
4.167362e-05	4.519116e-16
4.264461e-05	4.315663e-16
4.363823e-05	4.121371e-16
4.465500e-05	3.935824e-16
4.569546e-05	3.758632e-16
4.676017e-05	3.589416e-16
4.784967e-05	3.427819e-16
4.896457e-05	3.273497e-16
5.010545e-05	3.126122e-16
5.127290e-05	2.985383e-16
5.246756e-05	2.850980e-16
5.369006e-05	2.722627e-16
5.494104e-05	2.600053e-16
5.622116e-05	2.482997e-16
5.753111e-05	2.371212e-16
5.887160e-05	2.264458e-16
6.024330e-05	2.162511e-16
6.164697e-05	2.065154e-16
6.308335e-05	1.972179e-16
6.455319e-05	1.883391e-16
6.605728e-05	1.798600e-16
6.759641e-05	1.717626e-16
6.917140e-05	1.640298e-16
7.078310e-05	1.566451e-16
7.243235e-05	1.495928e-16
7.412002e-05	1.428581e-16
7.584702e-05	1.364265e-16
7.761425e-05	1.302846e-16
7.942267e-05	1.244191e-16
8.127321e-05	1.188177e-16
8.316687e-05	1.134684e-16
8.510467e-05	1.083600e-16
8.708760e-05	1.034816e-16
8.911674e-05	9.882283e-17
9.119316e-05	9.437377e-17
9.331797e-05	9.012501e-17
9.549227e-05	8.606755e-17
9.771724e-05	8.219274e-17
9.999403e-05	7.849242e-17
1.023239e-04	7.495867e-17
1.047080e-04	7.158399e-17
1.071478e-04	6.836114e-17
1.096443e-04	6.528358e-17
1.121990e-04	6.234442e-17
1.148133e-04	5.953766e-17
1.174884e-04	5.685729e-17
1.202259e-04	5.429752e-17
1.230271e-04	5.185302e-17
1.258937e-04	4.951858e-17
1.288270e-04	4.728922e-17
1.318286e-04	4.516025e-17
1.349002e-04	4.312712e-17
1.380434e-04	4.118551e-17
1.412599e-04	3.933130e-17
1.445512e-04	3.756057e-17
1.479192e-04	3.586960e-17
1.513658e-04	3.425473e-17
1.548927e-04	3.271254e-17
1.585016e-04	3.123982e-17
1.621947e-04	2.983338e-17
1.659738e-04	2.849028e-17
1.698410e-04	2.720764e-17
1.737983e-04	2.598272e-17
1.778478e-04	2.481298e-17
1.819917e-04	2.369587e-17
1.862321e-04	2.262908e-17
1.905712e-04	2.161032e-17
1.950116e-04	2.063741e-17
1.995554e-04	1.970829e-17
2.042050e-04	1.882102e-17
2.089630e-04	1.797369e-17
2.138318e-04	1.716450e-17
2.188141e-04	1.639175e-17
2.239125e-04	1.565379e-17
2.291296e-04	1.494904e-17
2.344684e-04	1.427602e-17
2.399315e-04	1.363331e-17
2.455219e-04	1.301954e-17
2.512425e-04	1.243339e-17
2.570965e-04	1.187363e-17
2.630868e-04	1.133908e-17
2.692168e-04	1.082858e-17
2.754895e-04	1.034108e-17
2.819084e-04	9.875514e-18
2.884769e-04	9.430916e-18
2.951984e-04	9.006333e-18
3.020765e-04	8.600860e-18
3.091149e-04	8.213644e-18
3.163173e-04	7.843864e-18
3.236875e-04	7.490728e-18
3.312294e-04	7.153494e-18
3.389470e-04	6.831440e-18
3.468444e-04	6.523886e-18
3.549260e-04	6.230176e-18
3.631957e-04	5.949690e-18
3.716582e-04	5.681832e-18
3.803178e-04	5.426034e-18
3.891793e-04	5.181751e-18
3.982471e-04	4.948466e-18
4.075263e-04	4.725683e-18
4.170217e-04	4.512930e-18
4.267382e-04	4.309757e-18
4.366812e-04	4.115729e-18
4.468559e-04	3.930436e-18
4.572677e-04	3.753486e-18
4.679220e-04	3.584503e-18
4.788246e-04	3.423126e-18
4.899812e-04	3.269016e-18
5.013978e-04	3.121843e-18
5.130803e-04	2.981296e-18
5.250351e-04	2.847077e-18
5.372684e-04	2.718900e-18
5.497867e-04	2.596494e-18
5.625968e-04	2.479599e-18
5.757053e-04	2.367966e-18
5.891192e-04	2.261359e-18
6.028457e-04	2.159551e-18
6.168920e-04	2.062327e-18
6.312656e-04	1.969480e-18
6.459741e-04	1.880813e-18
6.610253e-04	1.796138e-18
6.764272e-04	1.715275e-18
6.921879e-04	1.638052e-18
7.083159e-04	1.564306e-18
7.248196e-04	1.493881e-18
7.417080e-04	1.426625e-18
7.589898e-04	1.362398e-18
7.766742e-04	1.301062e-18
7.947707e-04	1.242488e-18
8.132889e-04	1.186550e-18
8.322385e-04	1.133131e-18
8.516297e-04	1.082117e-18
8.714726e-04	1.033400e-18
8.917780e-04	9.868754e-19
9.125564e-04	9.424457e-19
9.338190e-04	9.000164e-19
9.555773e-04	8.596516e-19
9.778423e-04	8.203796e-19
1.000626e-03	7.842100e-19
1.023940e-03	7.487290e-19
1.047798e-03	7.150519e-19
1.072212e-03	6.826616e-19
1.097194e-03	6.519610e-19
1.122759e-03	6.228491e-19
1.148919e-03	5.944378e-19
1.175689e-03	5.677198e-19
1.203082e-03	5.424234e-19
1.231114e-03	5.178527e-19
1.259799e-03	4.945224e-19
1.289153e-03	4.722685e-19
1.319190e-03	4.509176e-19
1.349927e-03	4.307189e-19
1.381380e-03	4.112541e-19
1.413566e-03	3.927505e-19
1.446503e-03	3.750364e-19
1.480206e-03	3.582161e-19
1.514695e-03	3.420310e-19
1.549987e-03	3.266847e-19
1.586102e-03	3.119744e-19
1.623058e-03	2.978757e-19
1.660876e-03	2.845108e-19
1.699574e-03	2.716874e-19
1.739173e-03	2.594650e-19
1.779696e-03	2.477796e-19
1.821163e-03	2.366199e-19
1.863597e-03	2.259827e-19
1.907018e-03	2.158126e-19
1.951452e-03	2.060941e-19
1.996921e-03	1.968119e-19
2.043449e-03	1.879505e-19
2.091061e-03	1.794902e-19
2.139783e-03	1.714096e-19
2.189640e-03	1.636955e-19
2.240659e-03	1.563260e-19
2.292866e-03	1.492898e-19
2.346290e-03	1.425682e-19
2.400958e-03	1.361489e-19
2.456900e-03	1.300159e-19
2.514147e-03	1.241636e-19
2.572726e-03	1.185755e-19
2.632671e-03	1.132354e-19
2.694012e-03	1.081372e-19
2.756782e-03	1.032693e-19
2.821015e-03	9.861999e-20
2.886745e-03	9.417898e-20
2.954006e-03	8.994035e-20
3.022834e-03	8.589040e-20
3.093267e-03	8.202404e-20
3.165340e-03	7.833080e-20
3.239092e-03	7.480423e-20
3.314563e-03	7.143698e-20
3.391792e-03	6.822040e-20
3.470821e-03	6.514956e-20
3.551691e-03	6.221652e-20
3.634445e-03	5.941521e-20
3.719128e-03	5.674042e-20
3.805783e-03	5.418604e-20
3.894459e-03	5.174658e-20
3.985199e-03	4.941688e-20
4.078054e-03	4.719209e-20
4.173073e-03	4.506742e-20
4.270306e-03	4.303854e-20
4.369804e-03	4.110085e-20
4.471621e-03	3.925047e-20
4.575809e-03	3.748345e-20
4.682425e-03	3.579589e-20
4.791526e-03	3.418436e-20
4.903169e-03	3.264534e-20
5.017412e-03	3.117569e-20
5.134318e-03	2.977207e-20
5.253948e-03	2.843175e-20
5.376365e-03	2.715171e-20
5.501634e-03	2.592932e-20
5.629822e-03	2.476199e-20
5.760997e-03	2.364719e-20
5.895228e-03	2.258256e-20
6.032587e-03	2.156588e-20
6.173146e-03	2.059497e-20
6.316980e-03	1.966777e-20
6.464166e-03	1.878232e-20
6.614781e-03	1.793673e-20
6.768906e-03	1.712920e-20
6.926621e-03	1.635804e-20
7.088012e-03	1.562158e-20
7.253162e-03	1.491829e-20
7.422160e-03	1.424666e-20
7.595097e-03	1.360526e-20
7.772063e-03	1.299274e-20
7.953152e-03	1.240780e-20
8.138461e-03	1.184919e-20
8.328086e-03	1.131574e-20
8.522131e-03	1.080629e-20
8.720696e-03	1.031979e-20
8.923889e-03	9.855178e-21
9.131815e-03	9.411491e-21
9.344587e-03	8.987777e-21
9.562320e-03	8.583134e-21
9.785113e-03	8.196728e-21
1.001311e-02	7.827703e-21
1.024642e-02	7.475287e-21
1.048516e-02	7.138747e-21
1.072946e-02	6.817356e-21
1.097946e-02	6.510428e-21
1.123528e-02	6.217324e-21
1.149706e-02	5.937411e-21
1.176494e-02	5.670102e-21
1.203907e-02	5.414828e-21
1.231958e-02	5.171049e-21
1.260662e-02	4.938245e-21
1.290035e-02	4.715920e-21
1.320094e-02	4.503599e-21
1.350852e-02	4.300843e-21
1.382326e-02	4.107215e-21
1.414535e-02	3.922302e-21
1.447493e-02	3.745716e-21
1.481220e-02	3.577079e-21
1.515732e-02	3.416035e-21
1.551049e-02	3.262241e-21
1.587189e-02	3.115368e-21
1.624170e-02	2.975112e-21
1.662013e-02	2.841167e-21
1.700738e-02	2.713253e-21
1.740365e-02	2.591099e-21
1.780916e-02	2.474443e-21
1.822411e-02	2.363040e-21
1.864874e-02	2.256652e-21
1.908325e-02	2.155054e-21
1.952788e-02	2.058031e-21
1.998289e-02	1.965374e-21
2.044849e-02	1.876890e-21
2.092493e-02	1.792389e-21
2.141249e-02	1.711692e-21
2.191140e-02	1.634628e-21
2.242193e-02	1.561034e-21
2.294437e-02	1.490753e-21
2.347897e-02	1.423636e-21
2.402603e-02	1.359541e-21
2.458584e-02	1.298332e-21
2.515869e-02	1.239877e-21
2.574488e-02	1.184056e-21
2.634474e-02	1.130746e-21
2.695858e-02	1.079838e-21
2.758671e-02	1.031221e-21
2.822948e-02	9.847926e-22
2.888722e-02	9.404553e-22
2.956030e-02	8.981136e-22
3.024905e-02	8.576783e-22
3.095385e-02	8.190635e-22
3.167508e-02	7.821870e-22
3.241311e-02	7.469709e-22
3.316833e-02	7.133407e-22
3.394115e-02	6.812242e-22
3.473199e-02	6.505537e-22
3.554124e-02	6.212640e-22
3.636935e-02	5.932934e-22
3.721676e-02	5.665819e-22
3.808391e-02	5.410730e-22
3.897126e-02	5.167129e-22
3.987929e-02	4.934494e-22
4.080848e-02	4.712333e-22
4.175932e-02	4.500177e-22
4.273231e-02	4.297572e-22
4.372798e-02	4.104090e-22
4.474684e-02	3.919320e-22
4.578944e-02	3.742871e-22
4.685633e-02	3.574367e-22
4.794809e-02	3.413449e-22
4.906528e-02	3.259778e-22
5.020849e-02	3.113028e-22
5.137835e-02	2.972886e-22
5.257547e-02	2.839055e-22
5.380048e-02	2.711252e-22
5.505403e-02	2.589203e-22
5.633679e-02	2.472652e-22
5.764943e-02	2.361351e-22
5.899266e-02	2.255063e-22
6.036719e-02	2.153562e-22
6.177375e-02	2.056634e-22
6.321308e-02	1.964071e-22
6.468595e-02	1.875680e-22
6.619313e-02	1.791270e-22
6.773543e-02	1.710664e-22
6.931367e-02	1.633690e-22
7.092867e-02	1.560185e-22
7.258131e-02	1.489993e-22
7.427246e-02	1.422964e-22
7.600301e-02	1.358957e-22
7.777387e-02	1.297837e-22
7.958600e-02	1.239472e-22
8.144035e-02	1.183739e-22
8.333792e-02	1.130520e-22
8.527969e-02	1.079702e-22
8.726671e-02	1.031177e-22
8.930002e-02	9.848421e-23
9.138071e-02	9.405990e-23
9.350988e-02	8.983538e-23
9.568866e-02	8.580167e-23
9.791821e-02	8.195021e-23
1.001997e-01	7.827289e-23
1.025344e-01	7.476171e-23
1.049234e-01	7.140951e-23
1.073681e-01	6.820893e-23
1.098698e-01	6.515338e-23
1.124298e-01	6.223612e-23
1.150493e-01	5.945122e-23
1.177300e-01	5.679261e-23
1.204731e-01	5.425464e-23
1.232802e-01	5.183197e-23
1.261526e-01	4.951955e-23
1.290920e-01	4.731227e-23
1.320997e-01	4.520567e-23
1.351777e-01	4.319506e-23
1.383273e-01	4.127636e-23
1.415504e-01	3.944536e-23
1.448485e-01	3.769823e-23
1.482235e-01	3.603126e-23
1.516771e-01	3.444090e-23
1.552112e-01	3.292376e-23
1.588276e-01	3.147666e-23
1.625282e-01	3.009649e-23
1.663152e-01	2.878032e-23
1.701904e-01	2.752534e-23
1.741557e-01	2.632893e-23
1.782136e-01	2.518849e-23
1.823660e-01	2.410160e-23
1.866150e-01	2.306598e-23
1.909632e-01	2.207938e-23
1.954126e-01	2.113970e-23
1.999657e-01	2.024494e-23
2.046250e-01	1.939319e-23
2.093928e-01	1.858260e-23
2.142716e-01	1.781146e-23
2.192641e-01	1.707807e-23
2.243730e-01	1.638087e-23
2.296009e-01	1.571834e-23
2.349506e-01	1.508902e-23
2.404249e-01	1.449155e-23
2.460268e-01	1.392460e-23
2.517593e-01	1.338691e-23
2.576253e-01	1.287728e-23
2.636279e-01	1.239456e-23
2.697704e-01	1.193763e-23
2.760561e-01	1.150544e-23
2.824882e-01	1.109698e-23
2.890701e-01	1.071126e-23
2.958055e-01	1.034735e-23
3.026978e-01	1.000433e-23
3.097506e-01	9.681353e-24
3.169678e-01	9.377554e-24
3.243532e-01	9.092125e-24
3.319106e-01	8.824279e-24
3.396441e-01	8.573246e-24
3.475578e-01	8.338286e-24
3.556559e-01	8.118675e-24
3.639427e-01	7.913713e-24
3.724226e-01	7.722717e-24
3.811000e-01	7.545029e-24
3.899796e-01	7.380002e-24
3.990661e-01	7.227012e-24
4.083644e-01	7.085452e-24
4.178793e-01	6.954733e-24
4.276159e-01	6.834289e-24
4.375793e-01	6.723570e-24
4.477749e-01	6.622046e-24
4.582080e-01	6.529210e-24
4.688843e-01	6.444572e-24
4.798093e-01	6.367669e-24
4.909889e-01	6.298054e-24
5.024289e-01	6.235307e-24
5.141355e-01	6.179028e-24
5.261149e-01	6.128838e-24
5.383733e-01	6.084386e-24
5.509175e-01	6.045338e-24
5.637538e-01	6.011386e-24
5.768893e-01	5.982243e-24
5.903308e-01	5.957643e-24
6.040855e-01	5.937344e-24
6.181607e-01	5.921122e-24
6.325639e-01	5.908778e-24
6.473025e-01	5.900128e-24
6.623848e-01	5.895013e-24
6.778182e-01	5.893287e-24
6.936115e-01	5.894828e-24
7.097726e-01	5.899530e-24
7.263103e-01	5.907303e-24
7.432333e-01	5.918077e-24
7.605507e-01	5.931798e-24
7.782715e-01	5.948428e-24
7.964053e-01	5.967944e-24
8.149615e-01	5.990343e-24
8.339501e-01	6.015635e-24
8.533811e-01	6.043846e-24
8.732649e-01	6.075020e-24
8.936120e-01	6.109217e-24
9.144331e-01	6.146514e-24
9.357394e-01	6.187004e-24
9.575422e-01	6.230801e-24
9.798530e-01	6.278035e-24
1.002684e+00	6.328858e-24
1.026046e+00	6.383440e-24
1.049953e+00	6.441978e-24
1.074416e+00	6.504689e-24
1.099451e+00	6.571819e-24
1.125068e+00	6.643640e-24
1.151282e+00	6.720456e-24
1.178107e+00	6.802604e-24
1.205557e+00	6.890458e-24
1.233647e+00	6.984433e-24
1.262390e+00	7.084988e-24
1.291804e+00	7.192636e-24
1.321903e+00	7.307941e-24
1.352703e+00	7.431531e-24
1.384222e+00	7.564106e-24
1.416473e+00	7.706441e-24
1.449477e+00	7.859403e-24
1.483250e+00	8.023953e-24
1.517810e+00	8.201166e-24
1.553175e+00	8.392246e-24
1.589364e+00	8.598528e-24
1.626396e+00	8.821518e-24
1.664291e+00	9.062889e-24
1.703069e+00	9.324516e-24
1.742751e+00	9.608500e-24
1.783357e+00	9.917174e-24
1.824909e+00	1.025313e-23
1.867429e+00	1.061926e-23
1.910940e+00	1.101870e-23
1.955465e+00	1.145488e-23
2.001028e+00	1.193145e-23
2.047651e+00	1.245223e-23
2.095362e+00	1.302098e-23
2.144183e+00	1.364124e-23
2.194143e+00	1.431581e-23
2.245267e+00	1.504615e-23
2.297581e+00	1.583141e-23
2.351115e+00	1.666712e-23
2.405896e+00	1.754345e-23
2.461953e+00	1.844324e-23
2.519317e+00	1.934008e-23
2.578017e+00	2.019730e-23
2.638084e+00	2.096898e-23
2.699553e+00	2.160415e-23
2.762451e+00	2.205467e-23
2.826817e+00	2.228525e-23
2.892681e+00	2.228230e-23
2.960081e+00	2.205753e-23
3.029051e+00	2.164479e-23
3.099628e+00	2.109158e-23
3.171849e+00	2.044918e-23
3.245753e+00	1.976480e-23
3.321379e+00	1.907725e-23
3.398768e+00	1.841567e-23
3.477958e+00	1.780041e-23
3.558995e+00	1.724481e-23
3.641920e+00	1.675705e-23
3.726777e+00	1.634196e-23
3.813610e+00	1.600230e-23
3.902468e+00	1.573987e-23
3.993395e+00	1.555624e-23
4.086441e+00	1.545334e-23
4.181656e+00	1.543388e-23
4.279088e+00	1.550172e-23
4.378790e+00	1.566220e-23
4.480816e+00	1.592238e-23
4.585220e+00	1.629129e-23
4.692055e+00	1.678011e-23
4.801380e+00	1.740209e-23
4.913253e+00	1.817211e-23
5.027731e+00	1.910536e-23
5.144878e+00	2.021450e-23
5.264753e+00	2.150405e-23
5.387421e+00	2.296072e-23
5.512949e+00	2.453873e-23
5.641400e+00	2.614273e-23
5.772845e+00	2.761856e-23
5.907352e+00	2.877177e-23
6.044994e+00	2.942815e-23
6.185842e+00	2.951461e-23
6.329972e+00	2.909990e-23
6.477460e+00	2.835897e-23
6.628385e+00	2.749592e-23
6.782826e+00	2.668463e-23
6.940866e+00	2.604946e-23
7.102588e+00	2.567325e-23
7.268078e+00	2.561434e-23
7.437425e+00	2.592272e-23
7.610717e+00	2.665204e-23
7.788046e+00	2.786688e-23
7.969508e+00	2.964282e-23
8.155197e+00	3.205078e-23
8.345213e+00	3.510487e-23
8.539657e+00	3.863984e-23
8.738631e+00	4.211895e-23
8.942241e+00	4.457575e-23
9.150595e+00	4.511852e-23
9.363804e+00	4.376887e-23
9.581978e+00	4.144626e-23
9.803368e+00	3.916302e-23
1.002987e+01	3.749503e-23
1.026162e+01	3.671986e-23
1.049872e+01	3.698118e-23
1.074128e+01	3.840873e-23
1.098946e+01	4.115654e-23
1.124337e+01	4.532705e-23
1.150315e+01	5.064478e-23
1.176892e+01	5.577218e-23
1.204084e+01	5.818312e-23
1.231905e+01	5.654061e-23
1.260368e+01	5.262764e-23
1.289488e+01	4.897175e-23
1.319282e+01	4.690967e-23
1.349764e+01	4.694121e-23
1.380950e+01	4.938417e-23
1.412856e+01	5.459737e-23
1.445501e+01	6.251041e-23
1.478898e+01	7.070858e-23
1.513069e+01	7.327021e-23
1.548028e+01	6.842784e-23
1.583796e+01	6.195032e-23
1.620389e+01	5.814855e-23
1.657828e+01	5.830653e-23
1.696131e+01	6.299361e-23
1.735320e+01	7.251079e-23
1.775415e+01	8.377423e-23
1.816436e+01	8.634640e-23
1.858404e+01	7.808220e-23
1.901342e+01	7.001446e-23
1.927040e+01	6.784920e-23
1.953085e+01	6.799572e-23
1.979482e+01	7.064629e-23
2.006235e+01	7.601872e-23
2.033351e+01	8.408691e-23
2.060833e+01	9.363697e-23
2.088686e+01	1.009075e-22
2.116915e+01	1.012556e-22
2.145527e+01	9.506583e-23
2.174524e+01	8.721850e-23
2.203914e+01	8.134225e-23
2.233701e+01	7.874825e-23
2.263891e+01	7.982370e-23
2.294488e+01	8.486244e-23
2.325499e+01	9.400789e-23
2.356930e+01	1.059014e-22
2.388785e+01	1.149761e-22
2.421070e+01	1.139492e-22
2.453793e+01	1.046765e-22
2.486957e+01	9.508205e-23
2.520569e+01	8.948930e-23
2.554636e+01	8.903273e-23
2.589163e+01	9.416391e-23
2.624157e+01	1.052229e-22
2.659624e+01	1.203652e-22
2.695570e+01	1.305839e-22
2.732002e+01	1.257904e-22
2.768926e+01	1.128067e-22
2.806350e+01	1.028038e-22
2.844279e+01	9.962990e-23
2.871554e+01	1.019896e-22
2.899090e+01	1.084361e-22
2.926891e+01	1.189469e-22
2.954958e+01	1.320399e-22
2.983294e+01	1.427189e-22
3.011902e+01	1.439997e-22
3.040785e+01	1.354012e-22
3.069945e+01	1.237363e-22
3.099383e+01	1.145764e-22
3.129104e+01	1.099616e-22
3.159110e+01	1.103943e-22
3.189405e+01	1.161739e-22
3.219989e+01	1.275082e-22
3.250867e+01	1.431135e-22
3.282040e+01	1.568438e-22
3.313513e+01	1.585471e-22
3.345288e+01	1.474379e-22
3.377367e+01	1.335091e-22
3.409754e+01	1.238537e-22
3.442452e+01	1.205511e-22
3.475463e+01	1.240804e-22
3.508791e+01	1.348081e-22
3.542438e+01	1.519788e-22
3.576408e+01	1.692277e-22
3.610703e+01	1.728143e-22
3.645328e+01	1.597261e-22
3.680285e+01	1.433129e-22
3.715576e+01	1.328661e-22
3.751206e+01	1.307275e-22
3.787178e+01	1.374570e-22
3.815347e+01	1.490633e-22
3.843726e+01	1.653335e-22
3.872317e+01	1.816353e-22
3.901120e+01	1.886079e-22
3.930136e+01	1.811056e-22
3.959369e+01	1.659249e-22
3.988820e+01	1.520698e-22
4.018489e+01	1.436296e-22
4.048379e+01	1.416131e-22
4.078490e+01	1.463180e-22
4.108828e+01	1.580129e-22
4.139389e+01	1.759331e-22
4.170179e+01	1.948309e-22
4.201197e+01	2.027171e-22
4.232446e+01	1.929441e-22
4.263927e+01	1.750153e-22
4.295643e+01	1.600387e-22
4.327594e+01	1.522693e-22
4.359783e+01	1.525712e-22
4.392212e+01	1.613149e-22
4.424882e+01	1.785768e-22
4.457794e+01	2.011458e-22
4.490952e+01	2.167270e-22
4.524356e+01	2.112878e-22
4.558009e+01	1.915475e-22
4.591912e+01	1.733229e-22
4.626067e+01	1.636031e-22
4.660476e+01	1.637659e-22
4.695142e+01	1.742590e-22
4.730064e+01	1.949193e-22
4.758811e+01	2.158241e-22
4.787732e+01	2.303880e-22
4.816829e+01	2.279579e-22
4.846103e+01	2.112659e-22
4.875554e+01	1.922887e-22
4.905185e+01	1.786356e-22
4.934996e+01	1.725844e-22
4.964987e+01	1.745806e-22
4.995162e+01	1.849316e-22
5.025519e+01	2.035464e-22
5.056062e+01	2.271854e-22
5.086789e+01	2.446736e-22
5.117704e+01	2.421976e-22
5.148805e+01	2.229547e-22
5.180097e+01	2.019733e-22
5.211578e+01	1.880191e-22
5.243251e+01	1.833560e-22
5.275116e+01	1.884151e-22
5.307176e+01	2.035195e-22
5.339429e+01	2.275250e-22
5.371879e+01	2.523554e-22
5.404526e+01	2.600691e-22
5.437372e+01	2.436260e-22
5.470416e+01	2.191283e-22
5.503662e+01	2.009326e-22
5.537110e+01	1.934078e-22
5.570761e+01	1.972702e-22
5.604617e+01	2.129344e-22
5.638678e+01	2.393406e-22
5.672946e+01	2.670571e-22
5.702096e+01	2.751275e-22
5.731395e+01	2.619592e-22
5.760846e+01	2.389082e-22
5.790447e+01	2.188219e-22
5.820200e+01	2.069991e-22
5.850106e+01	2.045780e-22
5.880167e+01	2.118503e-22
5.910381e+01	2.290394e-22
5.940750e+01	2.546296e-22
5.971276e+01	2.803724e-22
6.001959e+01	2.892801e-22
6.032799e+01	2.737998e-22
6.063798e+01	2.480548e-22
6.094955e+01	2.268695e-22
6.126274e+01	2.156775e-22
6.157752e+01	2.154729e-22
6.189394e+01	2.265988e-22
6.221197e+01	2.490717e-22
6.253164e+01	2.791193e-22
6.285294e+01	3.020300e-22
6.317590e+01	2.984254e-22
6.350053e+01	2.728967e-22
6.382681e+01	2.462168e-22
6.415477e+01	2.295554e-22
6.448442e+01	2.254179e-22
6.481578e+01	2.342505e-22
6.514882e+01	2.562769e-22
6.548357e+01	2.883558e-22
6.582006e+01	3.151590e-22
6.615826e+01	3.129851e-22
6.645274e+01	2.893813e-22
6.674851e+01	2.628985e-22
6.704562e+01	2.439492e-22
6.734404e+01	2.355129e-22
6.764379e+01	2.380811e-22
6.794488e+01	2.519618e-22
6.824731e+01	2.768829e-22
6.855108e+01	3.082760e-22
6.885620e+01	3.310965e-22
6.916268e+01	3.272437e-22
6.947053e+01	3.011548e-22
6.977975e+01	2.726534e-22
7.009034e+01	2.533353e-22
7.040231e+01	2.461787e-22
7.071568e+01	2.516491e-22
7.103043e+01	2.700669e-22
7.134659e+01	3.002408e-22
7.166416e+01	3.332721e-22
7.198315e+01	3.474224e-22
7.230354e+01	3.297521e-22
7.262537e+01	2.975840e-22
7.294863e+01	2.710912e-22
7.327333e+01	2.575427e-22
7.359947e+01	2.581393e-22
7.392707e+01	2.732658e-22
7.425612e+01	3.026007e-22
7.458663e+01	3.394802e-22
7.491862e+01	3.617791e-22
7.525209e+01	3.484738e-22
7.558704e+01	3.142845e-22
7.588381e+01	2.872780e-22
7.618173e+01	2.711259e-22
7.648083e+01	2.673162e-22
7.678110e+01	2.761449e-22
7.708255e+01	2.978297e-22
7.738519e+01	3.304661e-22
7.768901e+01	3.637842e-22
7.799402e+01	3.761911e-22
7.830024e+01	3.570302e-22
7.860764e+01	3.236214e-22
7.891626e+01	2.953871e-22
7.922611e+01	2.797205e-22
7.953715e+01	2.779557e-22
7.984943e+01	2.904197e-22
8.016292e+01	3.171726e-22
8.047765e+01	3.543891e-22
8.079361e+01	3.858787e-22
8.111082e+01	3.866583e-22
8.142927e+01	3.568600e-22
8.174896e+01	3.215968e-22
8.206991e+01	2.972461e-22
8.239213e+01	2.880645e-22
8.271561e+01	2.946363e-22
8.304037e+01	3.172968e-22
8.336638e+01	3.541910e-22
8.369369e+01	3.926689e-22
8.402228e+01	4.044024e-22
8.435216e+01	3.781604e-22
8.468334e+01	3.393772e-22
8.501581e+01	3.105364e-22
8.531439e+01	2.987435e-22
8.561401e+01	3.008989e-22
8.591469e+01	3.173075e-22
8.621642e+01	3.476636e-22
8.651922e+01	3.867100e-22
8.682308e+01	4.165054e-22
8.712800e+01	4.138315e-22
8.743399e+01	3.820015e-22
8.774107e+01	3.455477e-22
8.804921e+01	3.198997e-22
8.835844e+01	3.092162e-22
8.866876e+01	3.140722e-22
8.898017e+01	3.347947e-22
8.929267e+01	3.703445e-22
8.960626e+01	4.117042e-22
8.992096e+01	4.342087e-22
9.023677e+01	4.177934e-22
9.055368e+01	3.787694e-22
9.087171e+01	3.434691e-22
9.119085e+01	3.230513e-22
9.151112e+01	3.195907e-22
9.183251e+01	3.334561e-22
9.215502e+01	3.646960e-22
9.247867e+01	4.085038e-22
9.280346e+01	4.443319e-22
9.312939e+01	4.418713e-22
9.345645e+01	4.046214e-22
9.378467e+01	3.639069e-22
9.411405e+01	3.376686e-22
9.444458e+01	3.299414e-22
9.474463e+01	3.393328e-22
9.504563e+01	3.645386e-22
9.534759e+01	4.035847e-22
9.565049e+01	4.450685e-22
9.595442e+01	4.632745e-22
9.625922e+01	4.425233e-22
9.656506e+01	4.017662e-22
9.687186e+01	3.657402e-22
9.717961e+01	3.445998e-22
9.748832e+01	3.402655e-22
9.779807e+01	3.530619e-22
9.810878e+01	3.831348e-22
9.842045e+01	4.269456e-22
9.873316e+01	4.677445e-22
9.904683e+01	4.753759e-22
9.936155e+01	4.433035e-22
9.967722e+01	3.996134e-22
9.999384e+01	3.668258e-22
1.003115e+02	3.517130e-22
1.006302e+02	3.551998e-22
1.009499e+02	3.776405e-22
1.012707e+02	4.180065e-22
1.015923e+02	4.660188e-22
1.019152e+02	4.921366e-22
1.022390e+02	4.720869e-22
1.025637e+02	4.263249e-22
1.028896e+02	3.862189e-22
1.032165e+02	3.642202e-22
1.035444e+02	3.624002e-22
1.038733e+02	3.811516e-22
