9.7650350e-08 6.7741772e-23
9.9925610e-08 6.1779506e-23
1.0225380e-07 5.6342138e-23
1.0463640e-07 5.1383206e-23
1.0707440e-07 4.6860692e-23
1.0956930e-07 4.2736278e-23
1.1212220e-07 3.8974899e-23
1.1473460e-07 3.5544609e-23
1.1740800e-07 3.2416102e-23
1.2014360e-07 2.9563035e-23
1.2294300e-07 2.6961070e-23
1.2580750e-07 2.4588150e-23
1.2873880e-07 2.2424032e-23
1.3173850e-07 2.0450383e-23
1.3480800e-07 1.8650461e-23
1.3794890e-07 1.7008984e-23
1.4116320e-07 1.5511924e-23
1.4445230e-07 1.4146663e-23
1.4781800e-07 1.2901573e-23
1.5126210e-07 1.1766053e-23
1.5478650e-07 1.0730479e-23
1.5839310e-07 9.7860357e-24
1.6208360e-07 8.9247261e-24
1.6586020e-07 8.1392324e-24
1.6972480e-07 7.4228512e-24
1.7367930e-07 6.7695402e-24
1.7772600e-07 6.1737291e-24
1.8186710e-07 5.6303507e-24
1.8610460e-07 5.1347968e-24
1.9044080e-07 4.6828657e-24
1.9487810e-07 4.2707074e-24
1.9941880e-07 3.8948246e-24
2.0406520e-07 3.5520262e-24
2.0881990e-07 3.2393952e-24
2.1368550e-07 2.9542803e-24
2.1866440e-07 2.6942629e-24
2.2375920e-07 2.4571315e-24
2.2897280e-07 2.2408683e-24
2.3430790e-07 2.0436389e-24
2.3976730e-07 1.8637710e-24
2.4535380e-07 1.6997328e-24
2.5107060e-07 1.5501321e-24
2.5692050e-07 1.4136972e-24
2.6290670e-07 1.2892717e-24
2.6903250e-07 1.1757976e-24
2.7530090e-07 1.0723120e-24
2.8171540e-07 9.7793389e-25
2.8827940e-07 8.9186095e-25
2.9499630e-07 8.1336463e-25
3.0186970e-07 7.4177706e-25
3.0890330e-07 6.7649046e-25
3.1610080e-07 6.1694945e-25
3.2346590e-07 5.6264926e-25
3.3100260e-07 5.1312838e-25
3.3871500e-07 4.6796558e-25
3.4660700e-07 4.2677829e-25
3.5468300e-07 3.8921565e-25
3.6294710e-07 3.5495929e-25
3.7140380e-07 3.2371764e-25
3.8005750e-07 2.9522596e-25
3.8891280e-07 2.6924195e-25
3.9797450e-07 2.4554493e-25
4.0724730e-07 2.2393348e-25
4.1673620e-07 2.0422409e-25
4.2644610e-07 1.8624947e-25
4.3638230e-07 1.6985699e-25
4.4655000e-07 1.5490711e-25
4.5695460e-07 1.4127315e-25
4.6760170e-07 1.2883907e-25
4.7849670e-07 1.1749943e-25
4.8964570e-07 1.0715783e-25
5.0105450e-07 9.7726388e-26
5.1272900e-07 8.9125117e-26
5.2467560e-07 8.1280870e-26
5.3690060e-07 7.4126978e-26
5.4941040e-07 6.7602756e-26
5.6221160e-07 6.1652741e-26
5.7531110e-07 5.6226463e-26
5.8871600e-07 5.1277700e-26
6.0243300e-07 4.6764538e-26
6.1646970e-07 4.2648610e-26
6.3083350e-07 3.8894900e-26
6.4553190e-07 3.5471617e-26
6.6057280e-07 3.2349620e-26
6.7596410e-07 2.9502391e-26
6.9171400e-07 2.6905775e-26
7.0783100e-07 2.4537687e-26
7.2432350e-07 2.2378006e-26
7.4120020e-07 2.0408437e-26
7.5847020e-07 1.8612190e-26
7.7614250e-07 1.6974077e-26
7.9422670e-07 1.5480112e-26
8.1273210e-07 1.4117646e-26
8.3166870e-07 1.2875078e-26
8.5104670e-07 1.1741890e-26
8.7087600e-07 1.0708442e-26
8.9116740e-07 9.7659517e-27
9.1193160e-07 8.9064085e-27
9.3317970e-07 8.1225174e-27
9.5492270e-07 7.4076232e-27
9.7717240e-07 6.7556465e-27
9.9994030e-07 6.1610600e-27
1.0232390e-06 5.6188022e-27
1.0470800e-06 5.1242676e-27
1.0714780e-06 4.6732455e-27
1.0964430e-06 4.2619458e-27
1.1219900e-06 3.8868267e-27
1.1481330e-06 3.5447330e-27
1.1748840e-06 3.2327514e-27
1.2022590e-06 2.9482207e-27
1.2302710e-06 2.6887357e-27
1.2589370e-06 2.4520898e-27
1.2882700e-06 2.2362703e-27
1.3182860e-06 2.0394482e-27
1.3490020e-06 1.8599485e-27
1.3804340e-06 1.6962462e-27
1.4125990e-06 1.5469512e-27
1.4455120e-06 1.4107964e-27
1.4791920e-06 1.2866282e-27
1.5136580e-06 1.1733865e-27
1.5489270e-06 1.0701103e-27
1.5850160e-06 9.7592635e-28
1.6219470e-06 8.9003056e-28
1.6597380e-06 8.1169605e-28
1.6984100e-06 7.4025567e-28
1.7379830e-06 6.7510174e-28
1.7784780e-06 6.1568398e-28
1.8199170e-06 5.6149426e-28
1.8623210e-06 5.1207526e-28
1.9057120e-06 4.6700593e-28
1.9501160e-06 4.2590269e-28
1.9955540e-06 3.8841669e-28
2.0420500e-06 3.5423079e-28
2.0896300e-06 3.2305353e-28
2.1383180e-06 2.9462006e-28
2.1881410e-06 2.6868947e-28
2.2391250e-06 2.4504114e-28
2.2912960e-06 2.2347380e-28
2.3446840e-06 2.0380475e-28
2.3993150e-06 1.8586714e-28
2.4552190e-06 1.6950842e-28
2.5124250e-06 1.5458919e-28
2.5709650e-06 1.4098309e-28
2.6308680e-06 1.2857474e-28
2.6921680e-06 1.1725814e-28
2.7548950e-06 1.0693794e-28
2.8190840e-06 9.7525777e-29
2.8847690e-06 8.8942177e-29
2.9519840e-06 8.1114034e-29
3.0207650e-06 7.3974793e-29
3.0911490e-06 6.7463948e-29
3.1631730e-06 6.1526202e-29
3.2368750e-06 5.6111006e-29
3.3122940e-06 5.1172476e-29
3.3894700e-06 4.6668572e-29
3.4684440e-06 4.2561089e-29
3.5492600e-06 3.8815093e-29
3.6319570e-06 3.5398811e-29
3.7165820e-06 3.2283215e-29
3.8031780e-06 2.9441845e-29
3.8917930e-06 2.6850543e-29
3.9824710e-06 2.4487316e-29
4.0752630e-06 2.2332080e-29
4.1702170e-06 2.0366537e-29
4.2673820e-06 1.8574005e-29
4.3668120e-06 1.6939225e-29
4.4685590e-06 1.5448327e-29
4.5726770e-06 1.4088657e-29
4.6792200e-06 1.2848662e-29
4.7882460e-06 1.1717792e-29
4.8998120e-06 1.0686466e-29
5.0139780e-06 9.7459037e-30
5.1308030e-06 8.8881258e-30
5.2503510e-06 8.1058474e-30
5.3726840e-06 7.3924172e-30
5.4978670e-06 6.7417811e-30
5.6259680e-06 6.1484112e-30
5.7570530e-06 5.6072630e-30
5.8911920e-06 5.1137445e-30
6.0284570e-06 4.6636605e-30
6.1689200e-06 4.2531927e-30
6.3126560e-06 3.8788515e-30
6.4597410e-06 3.5374575e-30
6.6102530e-06 3.2261117e-30
6.7642720e-06 2.9421683e-30
6.9218790e-06 2.6832144e-30
7.0831590e-06 2.4470533e-30
7.2481960e-06 2.2316804e-30
7.4170800e-06 2.0352589e-30
7.5898980e-06 1.8561283e-30
7.7667420e-06 1.6927623e-30
7.9477070e-06 1.5437764e-30
8.1328890e-06 1.4079009e-30
8.3223850e-06 1.2839859e-30
8.5162970e-06 1.1709772e-30
8.7147260e-06 1.0679156e-30
8.9177800e-06 9.7392306e-31
9.1255640e-06 8.8820390e-31
9.3381900e-06 8.1002952e-31
9.5557730e-06 7.3900087e-31
9.7784230e-06 6.7302269e-31
1.0006260e-05 6.1498532e-31
1.0239400e-05 5.6059512e-31
1.0477980e-05 5.1129922e-31
1.0722120e-05 4.6602686e-31
1.0971940e-05 4.2505315e-31
1.1227590e-05 3.8794100e-31
1.1489190e-05 3.5335630e-31
1.1756890e-05 3.2230577e-31
1.2030820e-05 2.9422314e-31
1.2311140e-05 2.6817142e-31
1.2597990e-05 2.4455240e-31
1.2891530e-05 2.2303754e-31
1.3191900e-05 2.0332668e-31
1.3499270e-05 1.8551877e-31
1.3813800e-05 1.6912993e-31
1.4135660e-05 1.5425296e-31
1.4465030e-05 1.4065230e-31
1.4802060e-05 1.2831877e-31
1.5146950e-05 1.1698520e-31
1.5499870e-05 1.0672289e-31
1.5861020e-05 9.7328026e-32
1.6230580e-05 8.8729933e-32
1.6608760e-05 8.0946395e-32
1.6995740e-05 7.3814043e-32
1.7391730e-05 6.7322086e-32
1.7796960e-05 6.1394730e-32
1.8211630e-05 5.5988977e-32
1.8635970e-05 5.1068181e-32
1.9070180e-05 4.6575078e-32
1.9514520e-05 4.2474778e-32
1.9969210e-05 3.8734924e-32
2.0434490e-05 3.5325390e-32
2.0910610e-05 3.2216732e-32
2.1397830e-05 2.9381251e-32
2.1896400e-05 2.6796217e-32
2.2406590e-05 2.4437818e-32
2.2928660e-05 2.2287444e-32
2.3462900e-05 2.0325692e-32
2.4009580e-05 1.8536523e-32
2.4569000e-05 1.6904134e-32
2.5141470e-05 1.5416600e-32
2.5727260e-05 1.4060149e-32
2.6326710e-05 1.2822256e-32
2.6940120e-05 1.1693654e-32
2.7567820e-05 1.0664548e-32
2.8210150e-05 9.7259024e-33
2.8867450e-05 8.8696803e-33
2.9540060e-05 8.0892666e-33
3.0228340e-05 7.3771608e-33
3.0932670e-05 6.7279431e-33
3.1653400e-05 6.1357142e-33
3.2390920e-05 5.5956728e-33
3.3145630e-05 5.1032421e-33
3.3917920e-05 4.6540230e-33
3.4708210e-05 4.2444652e-33
3.5516910e-05 3.8708954e-33
3.6344450e-05 3.5301672e-33
3.7191280e-05 3.2194753e-33
3.8057830e-05 2.9361269e-33
3.8944590e-05 2.6777085e-33
3.9851990e-05 2.4420280e-33
4.0780540e-05 2.2270934e-33
4.1730730e-05 2.0310723e-33
4.2703060e-05 1.8523159e-33
4.3698040e-05 1.6892799e-33
4.4716210e-05 1.5405994e-33
4.5758090e-05 1.4050090e-33
4.6824250e-05 1.2813457e-33
4.7915260e-05 1.1685705e-33
4.9031690e-05 1.0657182e-33
5.0174120e-05 9.7192365e-34
5.1343180e-05 8.8637615e-34
5.2539480e-05 8.0836441e-34
5.3763650e-05 7.3721536e-34
5.5016340e-05 6.7232964e-34
5.6298220e-05 6.1315615e-34
5.7609970e-05 5.5918959e-34
5.8952280e-05 5.0997202e-34
6.0325870e-05 4.6508718e-34
6.1731460e-05 4.2415279e-34
6.3169800e-05 3.8682118e-34
6.4641660e-05 3.5277554e-34
6.6147810e-05 3.2172628e-34
6.7689060e-05 2.9340949e-34
6.9266210e-05 2.6758547e-34
7.0880120e-05 2.4403376e-34
7.2531620e-05 2.2255538e-34
7.4221600e-05 2.0296732e-34
7.5950970e-05 1.8510310e-34
7.7720630e-05 1.6881129e-34
7.9531520e-05 1.5395350e-34
8.1384610e-05 1.4040330e-34
8.3280860e-05 1.2804597e-34
8.5221310e-05 1.1677590e-34
8.7206960e-05 1.0649807e-34
8.9238890e-05 9.7124533e-35
9.1318150e-05 8.8576163e-35
9.3445870e-05 8.0780135e-35
9.5623200e-05 7.3670189e-35
9.7851130e-05 6.7186350e-35
1.0013110e-04 6.1272934e-35
1.0246420e-04 5.5879916e-35
1.0485160e-04 5.0961709e-35
1.0729460e-04 4.6476343e-35
1.0979460e-04 4.2385673e-35
1.1235280e-04 3.8655118e-35
1.1497060e-04 3.5252849e-35
1.1764940e-04 3.2150057e-35
1.2039070e-04 2.9320362e-35
1.2319580e-04 2.6739748e-35
1.2606620e-04 2.4386264e-35
1.2900350e-04 2.2239901e-35
1.3200940e-04 2.0282404e-35
1.3508520e-04 1.8497251e-35
1.3823260e-04 1.6869215e-35
1.4145350e-04 1.5384453e-35
1.4474930e-04 1.4030388e-35
1.4812200e-04 1.2795494e-35
1.5157320e-04 1.1669295e-35
1.5510490e-04 1.0642216e-35
1.5871890e-04 9.7055178e-36
1.6241700e-04 8.8512914e-36
1.6620130e-04 8.0722299e-36
1.7007380e-04 7.3617418e-36
1.7403650e-04 6.7137940e-36
1.7809160e-04 6.1228682e-36
1.8224110e-04 5.5839580e-36
1.8648740e-04 5.0924782e-36
1.9083250e-04 4.6442577e-36
1.9527880e-04 4.2354916e-36
1.9982890e-04 3.8626950e-36
2.0448490e-04 3.5227161e-36
2.0924930e-04 3.2126583e-36
2.1412490e-04 2.9298895e-36
2.1911400e-04 2.6720087e-36
2.2421930e-04 2.4368271e-36
2.2944370e-04 2.2223445e-36
2.3478970e-04 2.0267395e-36
2.4026030e-04 1.8483517e-36
2.4585840e-04 1.6856660e-36
2.5158690e-04 1.5372950e-36
2.5744880e-04 1.4019886e-36
2.6344740e-04 1.2785865e-36
2.6958580e-04 1.1660501e-36
2.7586710e-04 1.0634168e-36
2.8229480e-04 9.6981647e-37
2.8887220e-04 8.8445617e-37
2.9560300e-04 8.0660804e-37
3.0249050e-04 7.3561207e-37
3.0953850e-04 6.7086502e-37
3.1675080e-04 6.1181650e-37
3.2413110e-04 5.5796553e-37
3.3168330e-04 5.0885495e-37
3.3941150e-04 4.6406641e-37
3.4731990e-04 4.2322012e-37
3.5541240e-04 3.8596896e-37
3.6369350e-04 3.5199706e-37
3.7216760e-04 3.2101505e-37
3.8083910e-04 2.9275999e-37
3.8971260e-04 2.6699222e-37
3.9879290e-04 2.4349231e-37
4.0808480e-04 2.2206082e-37
4.1759320e-04 2.0251593e-37
4.2732310e-04 1.8469125e-37
4.3727980e-04 1.6843555e-37
4.4746840e-04 1.5361069e-37
4.5789440e-04 1.4009083e-37
4.6856330e-04 1.2776099e-37
4.7948090e-04 1.1651634e-37
4.9065280e-04 1.0626153e-37
5.0208490e-04 9.6909433e-38
5.1378350e-04 8.8380512e-38
5.2575470e-04 8.0602333e-38
5.3800480e-04 7.3508874e-38
5.5054030e-04 6.7039722e-38
5.6336790e-04 6.1140079e-38
5.7649430e-04 5.5759785e-38
5.8992660e-04 5.0853091e-38
6.0367190e-04 4.6378293e-38
6.1773750e-04 4.2297434e-38
6.3213080e-04 3.8575749e-38
6.4685950e-04 3.5181755e-38
6.6193130e-04 3.2086482e-38
6.7735430e-04 2.9263713e-38
6.9313670e-04 2.6689430e-38
7.0928670e-04 2.4341772e-38
7.2581310e-04 2.2200791e-38
7.4272460e-04 2.0248265e-38
7.6003010e-04 1.8467641e-38
7.7773870e-04 1.6843809e-38
7.9586000e-04 1.5362908e-38
8.1440350e-04 1.4012380e-38
8.3337920e-04 1.2780755e-38
8.5279690e-04 1.1657564e-38
8.7266710e-04 1.0633260e-38
8.9300020e-04 9.6991396e-39
9.1380710e-04 8.8472648e-39
9.3509880e-04 8.0703955e-39
9.5688660e-04 7.3619266e-39
9.7918210e-04 6.7158369e-39
1.0019970e-03 6.1266453e-39
1.0253440e-03 5.5893133e-39
1.0492340e-03 5.0993181e-39
1.0736810e-03 4.6524581e-39
1.0986980e-03 4.2449629e-39
1.1242980e-03 3.8733346e-39
1.1504930e-03 3.5344476e-39
1.1773000e-03 3.2254006e-39
1.2047310e-03 2.9435660e-39
1.2328020e-03 2.6865531e-39
1.2615260e-03 2.4521858e-39
1.2909200e-03 2.2384509e-39
1.3209970e-03 2.0435526e-39
1.3517770e-03 1.8658132e-39
1.3832730e-03 1.7037379e-39
1.4155040e-03 1.5559364e-39
1.4484850e-03 1.4211565e-39
1.4822350e-03 1.2982517e-39
1.5167710e-03 1.1861756e-39
1.5521120e-03 1.0839740e-39
1.5882760e-03 9.9078012e-40
1.6252820e-03 9.0579871e-40
1.6631520e-03 8.2830682e-40
1.7019040e-03 7.5764434e-40
1.7415570e-03 6.9321255e-40
1.7821360e-03 6.3446003e-40
1.8236600e-03 5.8088712e-40
1.8661500e-03 5.3203943e-40
1.9096320e-03 4.8749902e-40
1.9541260e-03 4.4688692e-40
1.9996570e-03 4.0985760e-40
2.0462500e-03 3.7609582e-40
2.0939280e-03 3.4531302e-40
2.1427160e-03 3.1724811e-40
2.1926410e-03 2.9166047e-40
2.2437300e-03 2.6833290e-40
2.2960090e-03 2.4706621e-40
2.3495060e-03 2.2767852e-40
2.4042490e-03 2.1000502e-40
2.4602680e-03 1.9389449e-40
2.5175930e-03 1.7920936e-40
2.5762530e-03 1.6582434e-40
2.6362790e-03 1.5362512e-40
2.6977040e-03 1.4250701e-40
2.7605610e-03 1.3237515e-40
2.8248820e-03 1.2314297e-40
2.8907010e-03 1.1473109e-40
2.9580550e-03 1.0706765e-40
3.0269780e-03 1.0008662e-40
3.0975060e-03 9.3728596e-41
3.1696780e-03 8.7938519e-41
3.2435320e-03 8.2666737e-41
3.3191060e-03 7.7867900e-41
3.3964410e-03 7.3500547e-41
3.4755780e-03 6.9527013e-41
3.5565590e-03 6.5912884e-41
3.6394270e-03 6.2626853e-41
3.7242260e-03 5.9640358e-41
3.8110000e-03 5.6927463e-41
3.8997960e-03 5.4464430e-41
3.9906610e-03 5.2229702e-41
4.0836440e-03 5.0203630e-41
4.1787930e-03 4.8368311e-41
4.2761590e-03 4.6707506e-41
4.3757930e-03 4.5206394e-41
4.4777490e-03 4.3851493e-41
4.5820800e-03 4.2630583e-41
4.6888430e-03 4.1532508e-41
4.7980930e-03 4.0547208e-41
4.9098890e-03 3.9665484e-41
5.0242890e-03 3.8879053e-41
5.1413550e-03 3.8180387e-41
5.2611490e-03 3.7562655e-41
5.3837330e-03 3.7019753e-41
5.5091750e-03 3.6546112e-41
5.6375380e-03 3.6136762e-41
5.7688930e-03 3.5787231e-41
5.9033080e-03 3.5493510e-41
6.0408550e-03 3.5252054e-41
6.1816070e-03 3.5059686e-41
6.3256390e-03 3.4913657e-41
6.4730250e-03 3.4811510e-41
6.6238480e-03 3.4751178e-41
6.7781820e-03 3.4730832e-41
6.9361150e-03 3.4748997e-41
7.0977260e-03 3.4804454e-41
7.2631030e-03 3.4896229e-41
7.4323330e-03 3.5023635e-41
7.6055070e-03 3.5186228e-41
7.7827150e-03 3.5383796e-41
7.9640530e-03 3.5616356e-41
8.1496150e-03 3.5884209e-41
8.3395010e-03 3.6187864e-41
8.5338110e-03 3.6528074e-41
8.7326490e-03 3.6905868e-41
8.9361200e-03 3.7322532e-41
9.1443310e-03 3.7779634e-41
9.3573940e-03 3.8279018e-41
9.5754220e-03 3.8822881e-41
9.7985300e-03 3.9413723e-41
1.0026840e-02 4.0054444e-41
1.0260460e-02 4.0748306e-41
1.0499530e-02 4.1499081e-41
1.0744160e-02 4.2310979e-41
1.0994510e-02 4.3188805e-41
1.1250680e-02 4.4137952e-41
1.1512820e-02 4.5164529e-41
1.1781070e-02 4.6275421e-41
1.2055570e-02 4.7478411e-41
1.2336470e-02 4.8782304e-41
1.2623900e-02 5.0197055e-41
1.2918040e-02 5.1734013e-41
1.3219030e-02 5.3406002e-41
1.3527030e-02 5.5227653e-41
1.3842220e-02 5.7215700e-41
1.4164730e-02 5.9389233e-41
1.4494770e-02 6.1770216e-41
1.4832500e-02 6.4383822e-41
1.5178100e-02 6.7259124e-41
1.5531750e-02 7.0429793e-41
1.5893640e-02 7.3934684e-41
1.6263960e-02 7.7819180e-41
1.6642910e-02 8.2135957e-41
1.7030690e-02 8.6946599e-41
1.7427510e-02 9.2323272e-41
1.7833570e-02 9.8350340e-41
1.8249090e-02 1.0512667e-40
1.8674290e-02 1.1276868e-40
1.9109400e-02 1.2141175e-40
1.9554650e-02 1.3121428e-40
2.0010280e-02 1.4235950e-40
2.0476510e-02 1.5505803e-40
2.0953620e-02 1.6954592e-40
2.1441830e-02 1.8608343e-40
2.1941430e-02 2.0494242e-40
2.2452670e-02 2.2638663e-40
2.2975810e-02 2.5063354e-40
2.3511150e-02 2.7779289e-40
2.4058960e-02 3.0777264e-40
2.4619530e-02 3.4015310e-40
2.5193170e-02 3.7403869e-40
2.5780170e-02 4.0793093e-40
2.6380840e-02 4.3969812e-40
2.6995530e-02 4.6673930e-40
2.7624510e-02 4.8640847e-40
2.8268170e-02 4.9663237e-40
2.8926810e-02 4.9650089e-40
2.9600810e-02 4.8653463e-40
3.0290510e-02 4.6849693e-40
3.0996280e-02 4.4485475e-40
3.1718490e-02 4.1816896e-40
3.2457530e-02 3.9064732e-40
3.3213790e-02 3.6394147e-40
3.3987680e-02 3.3913690e-40
3.4779580e-02 3.1685460e-40
3.5589950e-02 2.9738347e-40
3.6419200e-02 2.8079872e-40
3.7267770e-02 2.6705966e-40
3.8136100e-02 2.5607361e-40
3.9024680e-02 2.4774351e-40
3.9933950e-02 2.4199660e-40
4.0864410e-02 2.3880572e-40
4.1816560e-02 2.3820465e-40
4.2790880e-02 2.4030332e-40
4.3787900e-02 2.4530451e-40
4.4808160e-02 2.5352218e-40
4.5852200e-02 2.6540613e-40
4.6920550e-02 2.8157209e-40
4.8013800e-02 3.0283274e-40
4.9132530e-02 3.3022558e-40
5.0277310e-02 3.6501478e-40
5.1448780e-02 4.0862601e-40
5.2647530e-02 4.6242417e-40
5.3874210e-02 5.2719466e-40
5.5129490e-02 6.0214927e-40
5.6414000e-02 6.8344233e-40
5.7728450e-02 7.6278486e-40
5.9073520e-02 8.2781475e-40
6.0449940e-02 8.6601601e-40
6.1858420e-02 8.7111220e-40
6.3299720e-02 8.4680418e-40
6.4774600e-02 8.0423118e-40
6.6283850e-02 7.5602562e-40
6.7828260e-02 7.1206948e-40
6.9408660e-02 6.7857437e-40
7.1025880e-02 6.5911577e-40
7.2680780e-02 6.5609441e-40
7.4374250e-02 6.7198741e-40
7.6107170e-02 7.1033124e-40
7.7880460e-02 7.7656300e-40
7.9695080e-02 8.7869678e-40
8.1551970e-02 1.0272525e-39
8.3452130e-02 1.2323519e-39
8.5396570e-02 1.4930372e-39
8.7386310e-02 1.7740059e-39
8.9422410e-02 1.9869975e-39
9.1505950e-02 2.0356808e-39
9.3638040e-02 1.9157140e-39
9.5819780e-02 1.7177925e-39
9.8033680e-02 1.5337421e-39
1.0029870e-01 1.4058773e-39
1.0261620e-01 1.3483481e-39
1.0498720e-01 1.3676077e-39
1.0741280e-01 1.4752305e-39
1.0989460e-01 1.6938608e-39
1.1243370e-01 2.0545415e-39
1.1503150e-01 2.5648937e-39
1.1768920e-01 3.1105361e-39
1.2040840e-01 3.3852755e-39
1.2319050e-01 3.1968406e-39
1.2603680e-01 2.7696685e-39
1.2894880e-01 2.3982323e-39
1.3192820e-01 2.2005171e-39
1.3497640e-01 2.2034772e-39
1.3809500e-01 2.4387962e-39
1.4128560e-01 2.9808728e-39
1.4455010e-01 3.9075514e-39
1.4788980e-01 4.9997033e-39
1.5130690e-01 5.3685237e-39
1.5480280e-01 4.6823693e-39
1.5837960e-01 3.8378421e-39
1.6203890e-01 3.3812539e-39
1.6578280e-01 3.3996514e-39
1.6961310e-01 3.9681949e-39
1.7353200e-01 5.2578147e-39
1.7754150e-01 7.0181216e-39
1.8164360e-01 7.4557008e-39
1.8584040e-01 6.0968300e-39
1.9013420e-01 4.9020246e-39
1.9270400e-01 4.6035139e-39
1.9530850e-01 4.6234179e-39
1.9794820e-01 4.9908983e-39
2.0062350e-01 5.7788458e-39
2.0333510e-01 7.0706084e-39
2.0608330e-01 8.7678822e-39
2.0886860e-01 1.0182324e-38
2.1169150e-01 1.0252697e-38
2.1455270e-01 9.0375120e-39
2.1745240e-01 7.6070667e-39
2.2039140e-01 6.6165616e-39
2.2337010e-01 6.2012869e-39
2.2638910e-01 6.3718231e-39
2.2944880e-01 7.2016337e-39
2.3254990e-01 8.8374834e-39
2.3569300e-01 1.1215107e-38
2.3887850e-01 1.3219504e-38
2.4210700e-01 1.2984420e-38
2.4537930e-01 1.0957170e-38
2.4869570e-01 9.0405962e-39
2.5205690e-01 8.0083348e-39
2.5546360e-01 7.9268270e-39
2.5891630e-01 8.8668419e-39
2.6241570e-01 1.1071859e-38
2.6596240e-01 1.4487781e-38
2.6955700e-01 1.7052155e-38
2.7320020e-01 1.5823225e-38
2.7689260e-01 1.2725352e-38
2.8063500e-01 1.0568621e-38
2.8442790e-01 9.9261170e-39
2.8715540e-01 1.0401879e-38
2.8990900e-01 1.1758388e-38
2.9268910e-01 1.4148365e-38
2.9549580e-01 1.7434535e-38
2.9832940e-01 2.0368684e-38
3.0119020e-01 2.0735914e-38
3.0407850e-01 1.8333485e-38
3.0699450e-01 1.5310672e-38
3.0993830e-01 1.3127751e-38
3.1291040e-01 1.2091553e-38
3.1591100e-01 1.2186901e-38
3.1894050e-01 1.3496375e-38
3.2199890e-01 1.6258341e-38
3.2508670e-01 2.0481474e-38
3.2820400e-01 2.4599978e-38
3.3135130e-01 2.5137183e-38
3.3452880e-01 2.1737934e-38
3.3773670e-01 1.7824680e-38
3.4097540e-01 1.5339739e-38
3.4424520e-01 1.4532568e-38
3.4754630e-01 1.5395946e-38
3.5087910e-01 1.8173224e-38
3.5424380e-01 2.3097556e-38
3.5764080e-01 2.8638014e-38
3.6107030e-01 2.9864782e-38
3.6453280e-01 2.5512427e-38
3.6802850e-01 2.0538587e-38
3.7155760e-01 1.7653401e-38
3.7512060e-01 1.7089679e-38
3.7871780e-01 1.8894427e-38
3.8153470e-01 2.2219867e-38
3.8437260e-01 2.7335166e-38
3.8723170e-01 3.2991382e-38
3.9011200e-01 3.5572940e-38
3.9301360e-01 3.2799238e-38
3.9593690e-01 2.7531072e-38
3.9888200e-01 2.3125224e-38
4.0184890e-01 2.0629462e-38
4.0483790e-01 2.0054270e-38
4.0784900e-01 2.1408957e-38
4.1088280e-01 2.4968077e-38
4.1393890e-01 3.0952456e-38
4.1701790e-01 3.7959080e-38
4.2011970e-01 4.1094223e-38
4.2324460e-01 3.7227426e-38
4.2639270e-01 3.0630355e-38
4.2956430e-01 2.5612385e-38
4.3275940e-01 2.3185940e-38
4.3597830e-01 2.3277971e-38
4.3922120e-01 2.6022497e-38
4.4248820e-01 3.1889673e-38
4.4577940e-01 4.0459633e-38
4.4909520e-01 4.6970593e-38
4.5243560e-01 4.4642534e-38
4.5580090e-01 3.6690445e-38
4.5919120e-01 3.0040828e-38
4.6260670e-01 2.6765974e-38
4.6604760e-01 2.6819270e-38
4.6951420e-01 3.0366199e-38
4.7300640e-01 3.7993534e-38
4.7588110e-01 4.6580042e-38
4.7877320e-01 5.3078631e-38
4.8168290e-01 5.1964804e-38
4.8461030e-01 4.4633281e-38
4.8755540e-01 3.6974944e-38
4.9051850e-01 3.1910678e-38
4.9349960e-01 2.9785375e-38
4.9649870e-01 3.0478386e-38
4.9951620e-01 3.4199697e-38
5.0255190e-01 4.1431137e-38
5.0560620e-01 5.1613206e-38
5.0867890e-01 5.9865171e-38
5.1177040e-01 5.8659677e-38
5.1488050e-01 4.9708798e-38
5.1800970e-01 4.0793214e-38
5.2115780e-01 3.5351182e-38
5.2432510e-01 3.3619423e-38
5.2751160e-01 3.5500250e-38
5.3071760e-01 4.1420187e-38
5.3394290e-01 5.1767626e-38
5.3718790e-01 6.3683248e-38
5.4045260e-01 6.7635937e-38
5.4373720e-01 5.9353628e-38
5.4704160e-01 4.8017212e-38
5.5036620e-01 4.0373910e-38
5.5371100e-01 3.7406577e-38
5.5707610e-01 3.8915532e-38
5.6046170e-01 4.5341059e-38
5.6386780e-01 5.7283923e-38
5.6729460e-01 7.1319495e-38
5.7020960e-01 7.5695141e-38
5.7313950e-01 6.8622622e-38
5.7608460e-01 5.7077128e-38
5.7904470e-01 4.7883024e-38
5.8202000e-01 4.2848627e-38
5.8501060e-01 4.1852158e-38
5.8801670e-01 4.4880550e-38
5.9103810e-01 5.2459047e-38
5.9407500e-01 6.4836233e-38
5.9712760e-01 7.8608683e-38
6.0019590e-01 8.3682976e-38
6.0327990e-01 7.4966330e-38
6.0637980e-01 6.1531184e-38
6.0949550e-01 5.1469770e-38
6.1262740e-01 4.6516784e-38
6.1577520e-01 4.6428571e-38
6.1893940e-01 5.1347016e-38
6.2211970e-01 6.2036712e-38
6.2531640e-01 7.7907584e-38
6.2852940e-01 9.1222121e-38
6.3175900e-01 8.9057719e-38
6.3500530e-01 7.4472609e-38
6.3826810e-01 6.0622713e-38
6.4154770e-01 5.2695682e-38
6.4484420e-01 5.0813230e-38
6.4815780e-01 5.4873297e-38
6.5148820e-01 6.5677849e-38
6.5483570e-01 8.3149067e-38
6.5820060e-01 9.9325195e-38
6.6158260e-01 9.7959673e-38
6.6452740e-01 8.3741537e-38
6.6748510e-01 6.9115621e-38
6.7045620e-01 5.9511212e-38
6.7344040e-01 5.5466326e-38
6.7643790e-01 5.6682610e-38
6.7944880e-01 6.3484749e-38
6.8247310e-01 7.6664140e-38
6.8551080e-01 9.5034092e-38
6.8856200e-01 1.0962489e-37
6.9162680e-01 1.0708844e-37
6.9470530e-01 9.0694214e-38
6.9779750e-01 7.4339877e-38
7.0090340e-01 6.4178774e-38
7.0402310e-01 6.0603952e-38
7.0715680e-01 6.3327270e-38
7.1030430e-01 7.2936130e-38
7.1346590e-01 9.0144538e-38
7.1664160e-01 1.1107029e-37
7.1983150e-01 1.2070232e-37
7.2303540e-01 1.0873645e-37
7.2625370e-01 8.8556237e-38
7.2948630e-01 7.3490439e-38
7.3273330e-01 6.6328242e-38
7.3599470e-01 6.6635898e-38
7.3927070e-01 7.4674197e-38
7.4256120e-01 9.1567184e-38
7.4586630e-01 1.1524681e-37
7.4918620e-01 1.3088412e-37
7.5252090e-01 1.2143399e-37
7.5587040e-01 9.8774747e-38
7.5883810e-01 8.2528649e-38
7.6181730e-01 7.3509254e-38
7.6480830e-01 7.1457951e-38
7.6781100e-01 7.6256006e-38
7.7082550e-01 8.8702530e-38
7.7385190e-01 1.0920784e-37
7.7689010e-01 1.3233894e-37
7.7994020e-01 1.4151974e-37
7.8300240e-01 1.2747056e-37
7.8607640e-01 1.0473081e-37
7.8916260e-01 8.7253539e-38
7.9226110e-01 7.8243558e-38
7.9537150e-01 7.7259371e-38
7.9849430e-01 8.4343602e-38
8.0162920e-01 1.0059846e-37
8.0477650e-01 1.2559163e-37
8.0793610e-01 1.4890237e-37
8.1110820e-01 1.4950464e-37
8.1429270e-01 1.2734906e-37
8.1748960e-01 1.0342450e-37
8.2069910e-01 8.8355244e-38
8.2392130e-01 8.2981156e-38
8.2715610e-01 8.6810549e-38
8.3040370e-01 1.0067726e-37
8.3366380e-01 1.2545126e-37
8.3693690e-01 1.5418887e-37
8.4022280e-01 1.6354130e-37
8.4352160e-01 1.4300529e-37
8.4683340e-01 1.1517688e-37
8.5015810e-01 9.6432856e-38
8.5314390e-01 8.9247679e-38
8.5614010e-01 9.0540148e-38
8.5914690e-01 1.0068405e-37
8.6216420e-01 1.2086998e-37
8.6519220e-01 1.4954462e-37
8.6823080e-01 1.7347675e-37
8.7128000e-01 1.7125651e-37
8.7433990e-01 1.4592515e-37
8.7741070e-01 1.1940321e-37
8.8049210e-01 1.0233582e-37
8.8358440e-01 9.5614658e-38
8.8668760e-01 9.8641347e-38
8.8980170e-01 1.1208749e-37
8.9292670e-01 1.3715505e-37
8.9606260e-01 1.6950035e-37
8.9920960e-01 1.8853720e-37
9.0236770e-01 1.7455133e-37
9.0553680e-01 1.4346626e-37
9.0871710e-01 1.1797102e-37
9.1190850e-01 1.0436214e-37
9.1511120e-01 1.0213822e-37
9.1832510e-01 1.1119297e-37
9.2155020e-01 1.3300317e-37
9.2478670e-01 1.6687535e-37
9.2803460e-01 1.9743084e-37
9.3129390e-01 1.9525025e-37
9.3456450e-01 1.6371848e-37
9.3784670e-01 1.3242823e-37
9.4114050e-01 1.1402008e-37
9.4444580e-01 1.0886133e-37
9.4744630e-01 1.1514675e-37
9.5045630e-01 1.3288839e-37
9.5347590e-01 1.6288061e-37
9.5650490e-01 1.9808597e-37
9.5954420e-01 2.1462326e-37
9.6259220e-01 1.9582687e-37
9.6565060e-01 1.6141608e-37
9.6871860e-01 1.3376589e-37
9.7179610e-01 1.1874902e-37
9.7488320e-01 1.1578061e-37
9.7798070e-01 1.2465271e-37
9.8108780e-01 1.4679227e-37
9.8420450e-01 1.8228255e-37
9.8733160e-01 2.1878492e-37
9.9046830e-01 2.2598225e-37
9.9361550e-01 1.9651799e-37
9.9677220e-01 1.5969087e-37
9.9993840e-01 1.3456117e-37
1.0031150e+00 1.2370203e-37
1.0063020e+00 1.2616690e-37
1.0094990e+00 1.4261235e-37
1.0127070e+00 1.7472943e-37
1.0159230e+00 2.1717352e-37
1.0191520e+00 2.4219843e-37
1.0223900e+00 2.2286604e-37
1.0256370e+00 1.8175292e-37
1.0288960e+00 1.4916504e-37
1.0321650e+00 1.3265635e-37
1.0354440e+00 1.3133390e-37
1.0387330e+00 1.4527654e-37
